[[ 0.16472  0.17994 -0.0325  -0.03923  0.15785 -0.14977  0.23865  0.14697
  -0.07276  0.081   -0.15796  0.09836 -0.16525  0.11056 -0.10483]
 [ 0.16309  0.18694 -0.03038 -0.0357   0.10154 -0.15078  0.24023  0.14698
  -0.08077  0.08092 -0.15685  0.09649 -0.1672   0.11461 -0.09729]
 [ 0.14868  0.1919  -0.04287 -0.03583  0.03301 -0.14803  0.23132  0.14321
  -0.09733  0.08341 -0.15282  0.09629 -0.16664  0.11969 -0.0895 ]
 [ 0.13074  0.19341 -0.05424 -0.03686  0.01812 -0.14512  0.21398  0.13797
  -0.1099   0.08764 -0.14376  0.09968 -0.1644   0.12952 -0.07719]
 [ 0.09541  0.19577 -0.06379 -0.03825  0.0315  -0.14132  0.19671  0.133
  -0.12324  0.09192 -0.13816  0.1012  -0.16142  0.14273 -0.06807]
 [ 0.0546   0.19576 -0.08863 -0.04054  0.05575 -0.13426  0.1822   0.1234
  -0.13422  0.09577 -0.12878  0.10265 -0.15482  0.1537  -0.06599]
 [ 0.02363  0.19133 -0.11256 -0.04598  0.11061 -0.12756  0.16667  0.11318
  -0.14304  0.09979 -0.11317  0.10686 -0.14772  0.16501 -0.06444]
 [ 0.00068  0.18483 -0.13639 -0.05425  0.16224 -0.1212   0.15213  0.10374
  -0.14643  0.10345 -0.10734  0.1102  -0.14227  0.17092 -0.06846]
 [ 0.16329  0.16187 -0.03716 -0.04578  0.16849 -0.14896  0.21698  0.14692
  -0.07244  0.08978 -0.15868  0.09305 -0.15646  0.10557 -0.11671]
 [ 0.15263  0.16613 -0.04324 -0.04405  0.11161 -0.14808  0.21192  0.14513
  -0.08232  0.0911  -0.15879  0.0911  -0.15664  0.11094 -0.10955]
 [ 0.14818  0.17433 -0.04277 -0.03921  0.0251  -0.14824  0.20607  0.14348
  -0.09778  0.09304 -0.15428  0.09101 -0.15719  0.11501 -0.10058]
 [ 0.12582  0.17631 -0.05839 -0.04201 -0.00185 -0.14417  0.18471  0.13784
  -0.11221  0.0984  -0.14513  0.09527 -0.15416  0.12517 -0.08736]
 [ 0.08016  0.17684 -0.07642 -0.04638  0.01705 -0.13832  0.16343  0.13083
  -0.12698  0.10359 -0.13771  0.0985  -0.14939  0.14113 -0.07465]
 [ 0.0391   0.17757 -0.09979 -0.0506   0.052   -0.13141  0.15109  0.12151
  -0.13819  0.10689 -0.12591  0.10117 -0.14361  0.1536  -0.0694 ]
 [ 0.00659  0.17357 -0.12892 -0.05833  0.11616 -0.12368  0.13591  0.10993
  -0.14686  0.11089 -0.10677  0.10649 -0.13618  0.16582 -0.06727]
 [-0.01714  0.16767 -0.1573  -0.06881  0.16569 -0.11604  0.12325  0.09918
  -0.15045  0.1142  -0.0981   0.1097  -0.13038  0.17284 -0.06922]
 [ 0.15839  0.13803 -0.04595 -0.05202  0.18939 -0.14595  0.18197  0.14612
  -0.07442  0.10214 -0.1611   0.09035 -0.14271  0.1001  -0.13167]
 [ 0.14807  0.14132 -0.05164 -0.0495   0.12677 -0.14515  0.17423  0.14409
  -0.08413  0.10424 -0.15966  0.0893  -0.14228  0.10519 -0.12439]
 [ 0.1397   0.14582 -0.05584 -0.05137  0.02824 -0.14438  0.16107  0.14119
  -0.10077  0.10771 -0.15619  0.09004 -0.14117  0.1109  -0.11658]
 [ 0.12193  0.15103 -0.06239 -0.05378 -0.00903 -0.14234  0.14371  0.13714
  -0.11712  0.11231 -0.14541  0.09315 -0.13889  0.12012 -0.10361]
 [ 0.07479  0.15179 -0.08089 -0.06007  0.00676 -0.13642  0.12528  0.12962
  -0.13305  0.11717 -0.13369  0.0965  -0.13326  0.137   -0.09034]
 [ 0.01986  0.1504  -0.11766 -0.07357  0.05651 -0.12637  0.10877  0.11753
  -0.14428  0.12137 -0.11754  0.10139 -0.12527  0.15283 -0.08136]
 [-0.01215  0.14989 -0.14709 -0.08052  0.12473 -0.11836  0.09948  0.10577
  -0.15162  0.124   -0.09639  0.10774 -0.11883  0.16595 -0.0773 ]
 [-0.04301  0.14441 -0.18395 -0.09338  0.17579 -0.10833  0.08973  0.0931
  -0.15466  0.12656 -0.0883   0.11226 -0.11197  0.17494 -0.07636]
 [ 0.16493  0.11837 -0.04504 -0.05837  0.20564 -0.14407  0.15435  0.14656
  -0.07613  0.11165 -0.16168  0.09802 -0.13089  0.09078 -0.1435 ]
 [ 0.15165  0.11895 -0.05517 -0.05788  0.14221 -0.14232  0.14299  0.14356
  -0.08581  0.11493 -0.15746  0.09725 -0.12836  0.09657 -0.13668]
 [ 0.14508  0.12145 -0.05644 -0.06501  0.03576 -0.14248  0.12784  0.14128
  -0.10268  0.11876 -0.15411  0.09899 -0.12653  0.10328 -0.13048]
 [ 0.12023  0.12432 -0.0686  -0.07356 -0.00592 -0.13912  0.10882  0.13564
  -0.1206   0.12387 -0.14194  0.10239 -0.12165  0.11398 -0.12108]
 [ 0.07002  0.12461 -0.09039 -0.08498  0.00414 -0.13238  0.0931   0.12711
  -0.13664  0.12834 -0.12378  0.1052  -0.11449  0.1312  -0.10948]
 [ 0.01272  0.12388 -0.12734 -0.09926  0.06129 -0.122    0.07966  0.11498
  -0.14754  0.13214 -0.10243  0.11002 -0.10597  0.14918 -0.09949]
 [-0.03029  0.12234 -0.17208 -0.11073  0.13316 -0.1101   0.06876  0.1001
  -0.15443  0.13518 -0.08618  0.11658 -0.09891  0.16521 -0.09349]
 [-0.05993  0.11941 -0.20762 -0.12069  0.18479 -0.1001   0.06531  0.08785
  -0.15685  0.1362  -0.08362  0.12008 -0.09318  0.17453 -0.09063]
 [ 0.16975  0.09692 -0.05674 -0.0743   0.21993 -0.13839  0.12529  0.14457
  -0.07785  0.12048 -0.16021  0.11417 -0.12044  0.08092 -0.1537 ]
 [ 0.17004  0.09871 -0.05507 -0.07221  0.1513  -0.13936  0.12072  0.1438
  -0.08759  0.12258 -0.15432  0.11317 -0.11848  0.08467 -0.14693]
 [ 0.16159  0.09885 -0.05827 -0.08786  0.05014 -0.13943  0.10295  0.14087
  -0.10494  0.12702 -0.14834  0.11663 -0.11558  0.09182 -0.14218]
 [ 0.13127  0.09877 -0.07602 -0.10432  0.00301 -0.13472  0.08475  0.13396
  -0.12359  0.1319  -0.13352  0.11955 -0.10889  0.10428 -0.13429]
 [ 0.07676  0.09871 -0.10247 -0.12008  0.01022 -0.12666  0.07088  0.12456
  -0.13802  0.13606 -0.1082   0.12345 -0.10068  0.12253 -0.12536]
 [ 0.01953  0.09852 -0.13806 -0.13422  0.06525 -0.11593  0.06355  0.11238
  -0.14809  0.1391  -0.08603  0.12691 -0.09278  0.14296 -0.11606]
 [-0.03498  0.09531 -0.19739 -0.14916  0.1406  -0.09999  0.05126  0.09442
  -0.1552   0.14263 -0.07942  0.13053 -0.08479  0.16096 -0.10977]
 [-0.06593  0.09444 -0.22997 -0.15637  0.19478 -0.09043  0.04863  0.08312
  -0.15848  0.14332 -0.08325  0.13324 -0.08089  0.17117 -0.10494]
 [ 0.19427  0.08168 -0.05606 -0.09277  0.22394 -0.13392  0.11182  0.14456
  -0.07914  0.12495 -0.15516  0.13096 -0.12029  0.07127 -0.16172]
 [ 0.18718  0.07939 -0.06501 -0.1016   0.16368 -0.13247  0.09798  0.14156
  -0.09008  0.12901 -0.1496   0.13232 -0.1162   0.07434 -0.15697]
 [ 0.18442  0.07965 -0.06408 -0.12178  0.06777 -0.1335   0.08556  0.13934
  -0.10693  0.13265 -0.13962  0.13564 -0.11483  0.07917 -0.15232]
 [ 0.15448  0.07821 -0.08351 -0.14222  0.02314 -0.12808  0.06907  0.13188
  -0.12532  0.13711 -0.12087  0.13783 -0.10845  0.09212 -0.1441 ]
 [ 0.09983  0.0788  -0.11276 -0.16036  0.02538 -0.11895  0.05872  0.12241
  -0.13835  0.14095 -0.09299  0.14164 -0.10039  0.11121 -0.13801]
 [ 0.02839  0.07549 -0.16546 -0.17914  0.07504 -0.10396  0.04706  0.1065
  -0.14856  0.14509 -0.07725  0.14527 -0.09025  0.13514 -0.13101]
 [-0.02223  0.07458 -0.21719 -0.18829  0.14043 -0.08961  0.04147  0.09035
  -0.15532  0.14711 -0.07882  0.14573 -0.08275  0.15321 -0.12467]
 [-0.04947  0.07653 -0.24229 -0.18929  0.19118 -0.08222  0.04138  0.08085
  -0.15839  0.14703 -0.08527  0.14639 -0.08006  0.16449 -0.11723]
 [ 0.20516  0.06731 -0.06468 -0.11963  0.22936 -0.12679  0.09538  0.14161
  -0.08233  0.12934 -0.14751  0.14413 -0.1242   0.06818 -0.16866]
 [ 0.20613  0.06631 -0.06798 -0.13012  0.17596 -0.12637  0.0822   0.13997
  -0.0925   0.13311 -0.14006  0.1476  -0.12174  0.06764 -0.16686]
 [ 0.2043   0.06715 -0.0717  -0.15272  0.0877  -0.12571  0.07331  0.13687
  -0.10907  0.13618 -0.12736  0.15006 -0.12172  0.07099 -0.16162]
 [ 0.18308  0.06738 -0.08575 -0.16934  0.0477  -0.12089  0.06327  0.13067
  -0.12501  0.1396  -0.10653  0.15268 -0.11844  0.0806  -0.1548 ]
 [ 0.11513  0.06325 -0.13129 -0.19346  0.05602 -0.10756  0.04703  0.11795
  -0.13908  0.1448  -0.08347  0.15619 -0.10834  0.10118 -0.15016]
 [ 0.04377  0.06097 -0.18276 -0.20946  0.08849 -0.09296  0.03739  0.10266
  -0.14824  0.14833 -0.07609  0.15802 -0.0983   0.12413 -0.14546]
 [-0.01015  0.05915 -0.23016 -0.21827  0.14237 -0.07991  0.0312   0.0876
  -0.15504  0.1504  -0.08223  0.15808 -0.09012  0.14354 -0.13959]
 [-0.0349   0.06227 -0.24933 -0.21601  0.18207 -0.07434  0.0352   0.07978
  -0.15711  0.14955 -0.08705  0.15795 -0.08742  0.15554 -0.13192]
 [ 0.2051   0.06104 -0.07148 -0.14391  0.23441 -0.12061  0.08251  0.13889
  -0.08569  0.13259 -0.14227  0.15374 -0.12798  0.06954 -0.17309]
 [ 0.21299  0.06148 -0.06866 -0.15404  0.18151 -0.12133  0.07414  0.13836
  -0.09452  0.13519 -0.13234  0.15809 -0.12752  0.06654 -0.17326]
 [ 0.19909  0.05989 -0.08748 -0.18129  0.10831 -0.11676  0.05981  0.13249
  -0.11138  0.13941 -0.11798  0.16056 -0.12599  0.06986 -0.16909]
 [ 0.18452  0.05959 -0.10101 -0.19503  0.07344 -0.11239  0.05511  0.12694
  -0.12535  0.14184 -0.09707  0.16232 -0.12492  0.07642 -0.16384]
 [ 0.1251   0.05702 -0.13849 -0.21062  0.08228 -0.1013   0.04347  0.11593
  -0.13867  0.14596 -0.07941  0.16377 -0.11669  0.09384 -0.15929]
 [ 0.05154  0.05264 -0.19249 -0.22771  0.10367 -0.08644  0.02826  0.10044
  -0.14817  0.15055 -0.07739  0.16483 -0.10676  0.11581 -0.15507]
 [ 0.00585  0.05209 -0.22811 -0.23256  0.14244 -0.07632  0.02545  0.08808
  -0.15396  0.15191 -0.0848   0.16469 -0.09922  0.13441 -0.15044]
 [-0.02578  0.05329 -0.2498  -0.23444  0.17908 -0.06992  0.02723  0.08009
  -0.15669  0.15167 -0.08699  0.1651  -0.09412  0.14723 -0.14404]]